NC2016_5446.jpg
NC2016_6573.png
NC2016_3796.jpg, NC2016_0637.jpg, 
none,rescale,complex,,N,inconsistent,S
NC2016_1736.jpg, NC2016_6935.jpg, 
NC2016_2056.png, NC2016_2056.png, 
377,1750,141,179
NC2016_1736.jpg
1078,1555,141,179
889,1647,142,156
NC2016_1736.jpg
1590,1452,142,156
2198,1563,130,177
NC2016_1736.jpg
2899,1368,130,177
1378,1738,99,170
NC2016_1736.jpg
2079,1543,99,170
377,1750,141,179
NC2016_6935.jpg
1078,1555,141,179
889,1647,142,156
NC2016_6935.jpg
1590,1452,142,156
2198,1563,130,177
NC2016_6935.jpg
2899,1368,130,177
1378,1738,99,170
NC2016_6935.jpg
2079,1543,99,170
