NC2016_6619.jpg
NC2016_8780.png
NC2016_9194.jpg, NC2016_6839.jpg, 
rescale,rescale,simple,,N,consistent,S
NC2016_8693.jpg, NC2016_8261.jpg, 
NC2016_8970.png, NC2016_8970.png, 
446,1544,1883,791
NC2016_8693.jpg
389,433,963,404
2876,2084,191,278
NC2016_8693.jpg
1631,709,98,142
3553,2092,141,247
NC2016_8693.jpg
1977,713,72,126
3178,1771,93,180
NC2016_8693.jpg
1785,549,48,92
3487,1771,66,176
NC2016_8693.jpg
1943,549,34,90
446,1544,1883,791
NC2016_8261.jpg
389,433,963,404
2876,2084,191,278
NC2016_8261.jpg
1631,709,98,142
3553,2092,141,247
NC2016_8261.jpg
1977,713,72,126
3178,1771,93,180
NC2016_8261.jpg
1785,549,48,92
3487,1771,66,176
NC2016_8261.jpg
1943,549,34,90
