NC2016_0481.jpg
NC2016_4386.png
NC2016_9194.jpg, NC2016_6839.jpg, 
none,rescale,complex,,N,consistent,S
NC2016_8693.jpg, NC2016_8261.jpg, 
NC2016_5282.png, NC2016_5282.png, 
440,1502,1878,835
NC2016_8693.jpg
387,405,972,437
2846,2093,186,252
NC2016_8693.jpg
1,1342,2047,24
3498,2093,153,246
NC2016_8693.jpg
1631,711,105,130
3096,1780,145,188
NC2016_8693.jpg
1969,711,79,127
3408,1780,136,179
NC2016_8693.jpg
1761,549,86,97
440,1502,1878,835
NC2016_8261.jpg
387,405,972,437
2846,2093,186,252
NC2016_8261.jpg
1,1342,2047,24
3498,2093,153,246
NC2016_8261.jpg
1631,711,105,130
3096,1780,145,188
NC2016_8261.jpg
1969,711,79,127
3408,1780,136,179
NC2016_8261.jpg
1761,549,86,97
