NC2016_7890.jpg
NC2016_5472.png
NC2016_3796.jpg, NC2016_0637.jpg, 
rescale,rescale,simple,,N,inconsistent,S
NC2016_1736.jpg, NC2016_6935.jpg, 
NC2016_2889.png, NC2016_2889.png, 
449,1703,173,192
NC2016_1736.jpg
1078,1555,179,199
958,1604,118,175
NC2016_1736.jpg
1607,1451,123,183
2200,1523,101,167
NC2016_1736.jpg
2900,1367,105,174
1411,1691,100,164
NC2016_1736.jpg
2078,1542,104,171
449,1703,173,192
NC2016_6935.jpg
1078,1555,179,199
958,1604,118,175
NC2016_6935.jpg
1607,1451,123,183
2200,1523,101,167
NC2016_6935.jpg
2900,1367,105,174
1411,1691,100,164
NC2016_6935.jpg
2078,1542,104,171
